Accelerometer: [0.7725800304878049, -0.5549971417682926, 4.033346036585366]

Accelerometer: [0.7774628429878049, -0.5676924542682926, 4.026510099085366]

Accelerometer: [0.7686737804878049, -0.5423018292682926, 4.022603849085366]

Accelerometer: [0.7764862804878049, -0.5520674542682926, 3.9825647865853657]

Accelerometer: [0.7530487804878049, -0.5696455792682926, 3.9776819740853657]

Accelerometer: [0.7901581554878049, -0.5706221417682926, 4.028463224085366]

Accelerometer: [0.7628144054878049, -0.5296065167682926, 4.014791349085366]

Accelerometer: [0.7755097179878049, -0.5608565167682926, 3.9913538490853657]

Accelerometer: [0.7637909679878049, -0.5452315167682926, 4.009908536585366]

Accelerometer: [0.7901581554878049, -0.5403487042682926, 4.012838224085366]

Accelerometer: [0.7872284679878049, -0.5628096417682926, 4.006978849085366]

Accelerometer: [0.7745331554878049, -0.5481612042682926, 3.9884241615853657]

Accelerometer: [0.7735565929878049, -0.5608565167682926, 3.9981897865853657]

Accelerometer: [0.7657440929878049, -0.5452315167682926, 4.013814786585366]

Accelerometer: [0.7667206554878049, -0.5491377667682926, 4.005025724085366]

Accelerometer: [0.7608612804878049, -0.5462080792682926, 3.9835413490853657]

Accelerometer: [0.7755097179878049, -0.5589033917682926, 3.9942835365853657]

Accelerometer: [0.7540253429878049, -0.5628096417682926, 4.054830411585366]

Accelerometer: [0.7667206554878049, -0.5403487042682926, 4.001119474085366]

Accelerometer: [0.7452362804878049, -0.5315596417682926, 3.9991663490853657]

Accelerometer: [0.7608612804878049, -0.5510908917682926, 4.027486661585366]

Accelerometer: [0.7618378429878049, -0.5647627667682926, 4.051900724085366]

Accelerometer: [0.7559784679878049, -0.5462080792682926, 4.018697599085366]

Accelerometer: [0.7618378429878049, -0.5520674542682926, 4.027486661585366]

Accelerometer: [0.7716034679878049, -0.5510908917682926, 4.010885099085366]

Accelerometer: [0.7598847179878049, -0.5559737042682926, 4.037252286585366]

Accelerometer: [0.7823456554878049, -0.5735518292682926, 4.022603849085366]

Accelerometer: [0.7794159679878049, -0.5745283917682926, 4.017721036585366]

Accelerometer: [0.7686737804878049, -0.5520674542682926, 3.9854944740853657]

Accelerometer: [0.7686737804878049, -0.5657393292682926, 4.037252286585366]

Accelerometer: [0.7745331554878049, -0.5540205792682926, 3.9933069740853657]

Accelerometer: [0.7676972179878049, -0.5559737042682926, 3.9776819740853657]

Accelerometer: [0.7550019054878049, -0.5432783917682926, 3.9845179115853657]

Accelerometer: [0.7842987804878049, -0.5706221417682926, 4.000142911585366]

Accelerometer: [0.11340034298780488, 0.5739091082317074, 4.090963224085366]

Accelerometer: [0.10461128048780488, 0.22527629573170732, 4.256002286585366]

Accelerometer: [0.2706269054878049, -0.6673018292682926, 4.052877286585366]

Accelerometer: [0.5401581554878049, -0.9075362042682926, 4.094869474085366]

Accelerometer: [1.3272675304878048, -0.7913252667682926, 3.5860804115853657]

Accelerometer: [2.0635956554878048, 5.487971608231708, 4.346822599085366]

Accelerometer: [-0.5643340320121951, -1.3342940167682926, 3.8995569740853657]

Accelerometer: [-0.5584746570121951, -1.3274580792682926, 3.8409632240853657]

Accelerometer: [-0.5096465320121951, -1.3479658917682926, 3.9054163490853657]

Accelerometer: [-0.4989043445121951, -1.3499190167682926, 3.8888147865853657]

Accelerometer: [-0.5135527820121951, -1.3264815167682926, 3.8702600990853657]

Accelerometer: [-0.4705840320121951, -1.3489424542682926, 3.9044397865853657]

Accelerometer: [-0.4774199695121951, -1.3196455792682926, 3.8673304115853657]

Accelerometer: [-1.7157012195121952, -0.3850752667682927, 3.8556116615853657]

Accelerometer: [-0.5223418445121951, -0.5589033917682926, 3.7872522865853657]

Accelerometer: [0.4112519054878049, -0.19855182926829268, 4.159322599085366]

Accelerometer: [-0.05261528201219512, 0.6461747332317074, 4.185689786585366]

Accelerometer: [-0.10730278201219512, 0.4957841082317073, 4.075338224085366]

Accelerometer: [0.02550971798780488, 0.5426591082317074, 4.179830411585366]

Accelerometer: [0.09777534298780488, 0.4967606707317073, 4.075338224085366]

Accelerometer: [1.3887909679878048, -0.12140339176829268, 3.9923304115853657]

Accelerometer: [-0.08484184451219512, 0.3063309832317073, 4.047017911585366]

Accelerometer: [-0.12097465701219512, 0.21453410823170732, 4.226705411585366]

Accelerometer: [0.23937690548780488, 0.8444169207317074, 4.202291349085366]

Accelerometer: [0.4239472179878049, 1.1110184832317074, 4.400533536585366]

Accelerometer: [-0.3748809070121951, 0.3297684832317073, 3.9981897865853657]

Accelerometer: [0.6592987804878049, 0.3190262957317073, 4.287252286585366]

Accelerometer: [0.4620331554878049, 0.3112137957317073, 4.222799161585366]

Accelerometer: [0.6934784679878049, 0.9791825457317074, 4.058736661585366]

Accelerometer: [-0.02820121951219512, 1.0397294207317074, 4.022603849085366]

Accelerometer: [0.3643769054878049, 0.4909012957317073, 4.201314786585366]

Accelerometer: [0.07726753048780488, 0.6657059832317074, 4.337056974085366]

Accelerometer: [0.07922065548780488, 0.5114091082317074, 4.156392911585366]

Accelerometer: [0.06652534298780488, 0.4850419207317073, 4.212056974085366]

Accelerometer: [-0.01062309451219512, 0.4918778582317073, 4.218892911585366]

Accelerometer: [0.12414253048780488, 0.3795731707317073, 4.264791349085366]

Accelerometer: [0.11633003048780488, 0.4196122332317073, 4.181783536585366]

Accelerometer: [0.2598847179878049, 0.3395341082317073, 4.357564786585366]

Accelerometer: [0.14172065548780488, 0.3610184832317073, 4.193502286585366]

Accelerometer: [-0.02722465701219512, 0.3825028582317073, 4.148580411585366]

Accelerometer: [-0.03308403201219512, 0.4498856707317073, 4.247213224085366]

Accelerometer: [-0.4969512195121951, 0.2780106707317073, 3.9972132240853657]

Accelerometer: [-0.5887480945121951, 0.4801591082317073, 4.057760099085366]

Accelerometer: [-0.18835746951219512, 0.4586747332317073, 3.8936975990853657]

Accelerometer: [0.4112519054878049, 0.2828934832317073, 4.274556974085366]

Accelerometer: [0.04992378048780488, 0.4342606707317073, 4.495260099085366]

Accelerometer: [0.9610565929878049, 0.2555497332317073, 4.227681974085366]

Accelerometer: [0.7393769054878049, 0.13543254573170732, 4.064596036585366]

Accelerometer: [0.6075409679878049, 0.18328410823170732, 4.146627286585366]

Accelerometer: [0.5987519054878049, 0.18035442073170732, 4.154439786585366]

Accelerometer: [0.5723847179878049, 0.17937785823170732, 4.122213224085366]

Accelerometer: [0.5372284679878049, 0.2741044207317073, 4.267721036585366]

Accelerometer: [0.3331269054878049, 0.19402629573170732, 3.9913538490853657]

Accelerometer: [0.22472846798780488, 0.15301067073170732, 3.9981897865853657]

Accelerometer: [-2.4481230945121952, 2.889338795731707, 4.494283536585366]

Accelerometer: [0, 0, 0]

Accelerometer: [0.7559784679878049, 0.3200028582317073, 4.245015958460366]

Accelerometer: [-0.2567168445121951, 0.18621379573170732, -0.004739900914634054]

Accelerometer: [-1.9490996570121952, 3.361995045731707, 6.708150724085366]

Accelerometer: [0.4219940929878049, 0.3336747332317073, -0.004984041539634054]

Accelerometer: [0, 0, 0]

Accelerometer: [0, 0, 0]

Accelerometer: [0.14953315548780488, 0.5963700457317074, 3.9044397865853657]

Accelerometer: [0.12023628048780488, 0.7584794207317074, 3.7589319740853657]

Accelerometer: [0.7286347179878049, 1.0700028582317074, 3.8077600990853657]

Accelerometer: [0, 0, 0]

Accelerometer: [-0.4383574695121951, 1.5387528582317074, 3.9239710365853657]

Accelerometer: [-2.7420684070121952, -0.19464557926829268, 3.2892054115853657]

Accelerometer: [-1.1268340320121952, -1.1624190167682926, 3.5675257240853657]

Accelerometer: [-2.7762480945121952, -0.13409870426829268, 3.0841272865853657]

Accelerometer: [-1.3533965320121952, -0.16827839176829268, 3.2218225990853657]

Accelerometer: [-1.4119902820121952, -0.4856612042682927, 3.8888147865853657]

Accelerometer: [-1.4569121570121952, -0.6389815167682926, 3.9571741615853657]

Accelerometer: [-1.4481230945121952, -0.5764815167682926, 3.9122522865853657]

Accelerometer: [-1.2850371570121952, -0.6858565167682926, 3.9395960365853657]
